REACT_APP_WEATHER_API_KEY = fb71964e3858a21863b363b68db28dcb
REACT_APP_ZIP_CODE = 02906
REACT_APP_LAT = 41.844103
REACT_APP_LONG = -71.401967